Rank-1: 96.32%
Rank-5: 100.00%

              precision    recall  f1-score   support

           0       1.00      0.89      0.94         9
           1       0.88      0.88      0.88         8
           2       1.00      1.00      1.00         8
           3       0.83      0.83      0.83         6
           4       1.00      1.00      1.00         5
           5       1.00      1.00      1.00         8
           6       1.00      1.00      1.00        10
           7       1.00      1.00      1.00         8
           8       1.00      1.00      1.00         9
           9       1.00      1.00      1.00         8
          10       1.00      1.00      1.00         6
          11       1.00      1.00      1.00         9
          12       1.00      1.00      1.00         4
          13       1.00      1.00      1.00        10
          14       0.70      1.00      0.82         7
          15       1.00      0.85      0.92        13
          16       1.00      1.00      1.00         8

    accuracy                           0.96       136
   macro avg       0.97      0.97      0.96       136
weighted avg       0.97      0.96      0.96       136

